
Format : NIK
                KK


3515142909840002
3515142701093485




3515145608740002
3515142701093485



3515140605100001
3515142701093485




3515142507020002
3515142701093485




3515142807930001
3515142701093485




3515140702700002
3515142701093487




3515145212680002
3515142701093487




3515141106050002
3515142701093487




3515144210020002
3515142701093487




3515142505680003
3515142701093489




3515146709760001
3515142701093489




3515142410070001
3515142701093489




3515144301000003
3515142701093489




3515140710740000
3515142701093490




3515141102780000
3515142701093490




3515141804940000
3515142701093490




3515142001940000
3515142701093490




3515142004880000
3515142701093490



3515142104700000
3515142701093490



3515142109690000
3515142701093490





